5.750000000000000000e+03 0.000000000000000000e+00
5.760000000000000000e+03 8.333333333333330345e-05
5.770000000000000000e+03 1.666666666666670135e-04
5.780000000000000000e+03 2.500000000000000052e-04
5.790000000000000000e+03 3.333333333333329969e-04
5.800000000000000000e+03 4.166666666666670187e-04
5.810000000000000000e+03 5.000000000000000104e-04
5.820000000000000000e+03 5.833333333333329479e-04
5.830000000000000000e+03 6.666666666666669697e-04
5.840000000000000000e+03 7.500000000000000156e-04
5.850000000000000000e+03 8.333333333333329531e-04
5.860000000000000000e+03 9.166666666666669749e-04
5.870000000000000000e+03 1.000000000000000021e-03
5.880000000000000000e+03 1.230769230769229944e-03
5.890000000000000000e+03 1.461538461538460084e-03
5.900000000000000000e+03 1.692307692307690008e-03
5.910000000000000000e+03 1.923076923076919931e-03
5.920000000000000000e+03 2.153846153846149854e-03
5.930000000000000000e+03 2.384615384615379995e-03
5.940000000000000000e+03 2.615384615384620109e-03
5.950000000000000000e+03 2.846153846153849816e-03
5.960000000000000000e+03 3.076923076923079956e-03
5.970000000000000000e+03 3.307692307692310096e-03
5.980000000000000000e+03 3.538461538461539803e-03
5.990000000000000000e+03 3.769230769230769943e-03
6.000000000000000000e+03 4.000000000000000083e-03
6.010000000000000000e+03 1.116666666666669971e-02
6.020000000000000000e+03 1.833333333333329873e-02
6.030000000000000000e+03 2.549999999999999836e-02
6.040000000000000000e+03 3.266666666666669799e-02
6.050000000000000000e+03 3.983333333333329701e-02
6.060000000000000000e+03 4.700000000000000011e-02
6.070000000000000000e+03 5.416666666666670321e-02
6.080000000000000000e+03 6.133333333333330223e-02
6.090000000000000000e+03 6.850000000000000533e-02
6.100000000000000000e+03 7.566666666666670149e-02
6.110000000000000000e+03 8.283333333333330051e-02
6.120000000000000000e+03 8.999999999999999667e-02
6.130000000000000000e+03 1.469230769230769895e-01
6.140000000000000000e+03 2.038461538461540101e-01
6.150000000000000000e+03 2.607692307692309752e-01
6.160000000000000000e+03 3.176923076923079958e-01
6.170000000000000000e+03 3.746153846153850164e-01
6.180000000000000000e+03 4.315384615384619815e-01
6.190000000000000000e+03 4.884615384615390021e-01
6.200000000000000000e+03 5.453846153846150235e-01
6.210000000000000000e+03 6.023076923076919886e-01
6.220000000000000000e+03 6.592307692307689537e-01
6.230000000000000000e+03 7.161538461538460298e-01
6.240000000000000000e+03 7.730769230769229949e-01
6.250000000000000000e+03 8.299999999999999600e-01
6.260000000000000000e+03 8.325000000000000178e-01
6.270000000000000000e+03 8.349999999999999645e-01
6.280000000000000000e+03 8.375000000000000222e-01
6.290000000000000000e+03 8.399999999999999689e-01
6.300000000000000000e+03 8.425000000000000266e-01
6.310000000000000000e+03 8.449999999999999734e-01
6.320000000000000000e+03 8.475000000000000311e-01
6.330000000000000000e+03 8.499999999999999778e-01
6.340000000000000000e+03 8.525000000000000355e-01
6.350000000000000000e+03 8.549999999999999822e-01
6.360000000000000000e+03 8.575000000000000400e-01
6.370000000000000000e+03 8.599999999999999867e-01
6.380000000000000000e+03 8.607692307692309530e-01
6.390000000000000000e+03 8.615384615384610312e-01
6.400000000000000000e+03 8.623076923076919975e-01
6.410000000000000000e+03 8.630769230769229639e-01
6.420000000000000000e+03 8.638461538461540412e-01
6.430000000000000000e+03 8.646153846153850075e-01
6.440000000000000000e+03 8.653846153846149747e-01
6.450000000000000000e+03 8.661538461538460520e-01
6.460000000000000000e+03 8.669230769230770184e-01
6.470000000000000000e+03 8.676923076923079847e-01
6.480000000000000000e+03 8.684615384615389511e-01
6.490000000000000000e+03 8.692307692307690292e-01
6.500000000000000000e+03 8.699999999999999956e-01
6.510000000000000000e+03 8.699999999999999956e-01
6.520000000000000000e+03 8.699999999999999956e-01
6.530000000000000000e+03 8.699999999999999956e-01
6.540000000000000000e+03 8.699999999999999956e-01
6.550000000000000000e+03 8.699999999999999956e-01
6.560000000000000000e+03 8.699999999999999956e-01
6.570000000000000000e+03 8.699999999999999956e-01
6.580000000000000000e+03 8.699999999999999956e-01
6.590000000000000000e+03 8.699999999999999956e-01
6.600000000000000000e+03 8.699999999999999956e-01
6.610000000000000000e+03 8.699999999999999956e-01
6.620000000000000000e+03 8.699999999999999956e-01
6.630000000000000000e+03 8.699999999999999956e-01
6.640000000000000000e+03 8.699999999999999956e-01
6.650000000000000000e+03 8.699999999999999956e-01
6.660000000000000000e+03 8.699999999999999956e-01
6.670000000000000000e+03 8.699999999999999956e-01
6.680000000000000000e+03 8.699999999999999956e-01
6.690000000000000000e+03 8.699999999999999956e-01
6.700000000000000000e+03 8.699999999999999956e-01
6.710000000000000000e+03 8.699999999999999956e-01
6.720000000000000000e+03 8.699999999999999956e-01
6.730000000000000000e+03 8.699999999999999956e-01
6.740000000000000000e+03 8.699999999999999956e-01
6.750000000000000000e+03 8.699999999999999956e-01
6.760000000000000000e+03 8.704166666666669494e-01
6.770000000000000000e+03 8.708333333333330151e-01
6.780000000000000000e+03 8.712499999999999689e-01
6.790000000000000000e+03 8.716666666666670338e-01
6.800000000000000000e+03 8.720833333333329884e-01
6.810000000000000000e+03 8.725000000000000533e-01
6.820000000000000000e+03 8.729166666666670071e-01
6.830000000000000000e+03 8.733333333333329618e-01
6.840000000000000000e+03 8.737500000000000266e-01
6.850000000000000000e+03 8.741666666666669805e-01
6.860000000000000000e+03 8.745833333333330462e-01
6.870000000000000000e+03 8.750000000000000000e-01
6.880000000000000000e+03 8.753846153846149836e-01
6.890000000000000000e+03 8.757692307692309663e-01
6.900000000000000000e+03 8.761538461538459499e-01
6.910000000000000000e+03 8.765384615384610445e-01
6.920000000000000000e+03 8.769230769230770273e-01
6.930000000000000000e+03 8.773076923076920108e-01
6.940000000000000000e+03 8.776923076923079936e-01
6.950000000000000000e+03 8.780769230769229772e-01
6.960000000000000000e+03 8.784615384615389599e-01
6.970000000000000000e+03 8.788461538461540545e-01
6.980000000000000000e+03 8.792307692307690381e-01
6.990000000000000000e+03 8.796153846153850209e-01
7.000000000000000000e+03 8.800000000000000044e-01
7.010000000000000000e+03 8.800000000000000044e-01
7.020000000000000000e+03 8.800000000000000044e-01
7.030000000000000000e+03 8.800000000000000044e-01
7.040000000000000000e+03 8.800000000000000044e-01
7.050000000000000000e+03 8.800000000000000044e-01
7.060000000000000000e+03 8.800000000000000044e-01
7.070000000000000000e+03 8.800000000000000044e-01
7.080000000000000000e+03 8.800000000000000044e-01
7.090000000000000000e+03 8.800000000000000044e-01
7.100000000000000000e+03 8.800000000000000044e-01
7.110000000000000000e+03 8.800000000000000044e-01
7.120000000000000000e+03 8.800000000000000044e-01
7.130000000000000000e+03 8.796153846153850209e-01
7.140000000000000000e+03 8.792307692307690381e-01
7.150000000000000000e+03 8.788461538461540545e-01
7.160000000000000000e+03 8.784615384615389599e-01
7.170000000000000000e+03 8.780769230769229772e-01
7.180000000000000000e+03 8.776923076923079936e-01
7.190000000000000000e+03 8.773076923076920108e-01
7.200000000000000000e+03 8.769230769230770273e-01
7.210000000000000000e+03 8.765384615384610445e-01
7.220000000000000000e+03 8.761538461538459499e-01
7.230000000000000000e+03 8.757692307692309663e-01
7.240000000000000000e+03 8.753846153846149836e-01
7.250000000000000000e+03 8.750000000000000000e-01
7.260000000000000000e+03 8.745833333333330462e-01
7.270000000000000000e+03 8.741666666666669805e-01
7.280000000000000000e+03 8.737500000000000266e-01
7.290000000000000000e+03 8.733333333333329618e-01
7.300000000000000000e+03 8.729166666666670071e-01
7.310000000000000000e+03 8.725000000000000533e-01
7.320000000000000000e+03 8.720833333333329884e-01
7.330000000000000000e+03 8.716666666666670338e-01
7.340000000000000000e+03 8.712499999999999689e-01
7.350000000000000000e+03 8.708333333333330151e-01
7.360000000000000000e+03 8.704166666666669494e-01
7.370000000000000000e+03 8.699999999999999956e-01
7.380000000000000000e+03 8.692307692307690292e-01
7.390000000000000000e+03 8.684615384615389511e-01
7.400000000000000000e+03 8.676923076923079847e-01
7.410000000000000000e+03 8.669230769230770184e-01
7.420000000000000000e+03 8.661538461538460520e-01
7.430000000000000000e+03 8.653846153846149747e-01
7.440000000000000000e+03 8.646153846153850075e-01
7.450000000000000000e+03 8.638461538461540412e-01
7.460000000000000000e+03 8.630769230769229639e-01
7.470000000000000000e+03 8.623076923076919975e-01
7.480000000000000000e+03 8.615384615384610312e-01
7.490000000000000000e+03 8.607692307692309530e-01
7.500000000000000000e+03 8.599999999999999867e-01
7.510000000000000000e+03 8.595833333333330328e-01
7.520000000000000000e+03 8.591666666666669672e-01
7.530000000000000000e+03 8.587500000000000133e-01
7.540000000000000000e+03 8.583333333333329485e-01
7.550000000000000000e+03 8.579166666666669938e-01
7.560000000000000000e+03 8.575000000000000400e-01
7.570000000000000000e+03 8.570833333333329751e-01
7.580000000000000000e+03 8.566666666666670205e-01
7.590000000000000000e+03 8.562499999999999556e-01
7.600000000000000000e+03 8.558333333333330017e-01
7.610000000000000000e+03 8.554166666666670471e-01
7.620000000000000000e+03 8.549999999999999822e-01
7.630000000000000000e+03 8.538461538461540323e-01
7.640000000000000000e+03 8.526923076923079714e-01
7.650000000000000000e+03 8.515384615384610223e-01
7.660000000000000000e+03 8.503846153846149614e-01
7.670000000000000000e+03 8.492307692307690115e-01
7.680000000000000000e+03 8.480769230769229505e-01
7.690000000000000000e+03 8.469230769230770006e-01
7.700000000000000000e+03 8.457692307692310507e-01
7.710000000000000000e+03 8.446153846153849898e-01
7.720000000000000000e+03 8.434615384615380407e-01
7.730000000000000000e+03 8.423076923076919797e-01
7.740000000000000000e+03 8.411538461538460298e-01
7.750000000000000000e+03 8.399999999999999689e-01
7.760000000000000000e+03 8.399999999999999689e-01
7.770000000000000000e+03 8.399999999999999689e-01
7.780000000000000000e+03 8.399999999999999689e-01
7.790000000000000000e+03 8.399999999999999689e-01
7.800000000000000000e+03 8.399999999999999689e-01
7.810000000000000000e+03 8.399999999999999689e-01
7.820000000000000000e+03 8.399999999999999689e-01
7.830000000000000000e+03 8.399999999999999689e-01
7.840000000000000000e+03 8.399999999999999689e-01
7.850000000000000000e+03 8.399999999999999689e-01
7.860000000000000000e+03 8.399999999999999689e-01
7.870000000000000000e+03 8.399999999999999689e-01
7.880000000000000000e+03 8.399999999999999689e-01
7.890000000000000000e+03 8.399999999999999689e-01
7.900000000000000000e+03 8.399999999999999689e-01
7.910000000000000000e+03 8.399999999999999689e-01
7.920000000000000000e+03 8.399999999999999689e-01
7.930000000000000000e+03 8.399999999999999689e-01
7.940000000000000000e+03 8.399999999999999689e-01
7.950000000000000000e+03 8.399999999999999689e-01
7.960000000000000000e+03 8.399999999999999689e-01
7.970000000000000000e+03 8.399999999999999689e-01
7.980000000000000000e+03 8.399999999999999689e-01
7.990000000000000000e+03 8.399999999999999689e-01
8.000000000000000000e+03 8.399999999999999689e-01
8.010000000000000000e+03 8.399999999999999689e-01
8.020000000000000000e+03 8.399999999999999689e-01
8.030000000000000000e+03 8.399999999999999689e-01
8.040000000000000000e+03 8.399999999999999689e-01
8.050000000000000000e+03 8.399999999999999689e-01
8.060000000000000000e+03 8.399999999999999689e-01
8.070000000000000000e+03 8.399999999999999689e-01
8.080000000000000000e+03 8.399999999999999689e-01
8.090000000000000000e+03 8.399999999999999689e-01
8.100000000000000000e+03 8.399999999999999689e-01
8.110000000000000000e+03 8.399999999999999689e-01
8.120000000000000000e+03 8.399999999999999689e-01
8.130000000000000000e+03 8.399999999999999689e-01
8.140000000000000000e+03 8.399999999999999689e-01
8.150000000000000000e+03 8.399999999999999689e-01
8.160000000000000000e+03 8.399999999999999689e-01
8.170000000000000000e+03 8.399999999999999689e-01
8.180000000000000000e+03 8.399999999999999689e-01
8.190000000000000000e+03 8.399999999999999689e-01
8.200000000000000000e+03 8.399999999999999689e-01
8.210000000000000000e+03 8.399999999999999689e-01
8.220000000000000000e+03 8.399999999999999689e-01
8.230000000000000000e+03 8.399999999999999689e-01
8.240000000000000000e+03 8.399999999999999689e-01
8.250000000000000000e+03 8.399999999999999689e-01
8.260000000000000000e+03 8.387499999999999956e-01
8.270000000000000000e+03 8.375000000000000222e-01
8.280000000000000000e+03 8.362500000000000488e-01
8.290000000000000000e+03 8.349999999999999645e-01
8.300000000000000000e+03 8.337499999999999911e-01
8.310000000000000000e+03 8.325000000000000178e-01
8.320000000000000000e+03 8.312500000000000444e-01
8.330000000000000000e+03 8.299999999999999600e-01
8.340000000000000000e+03 8.287499999999999867e-01
8.350000000000000000e+03 8.275000000000000133e-01
8.360000000000000000e+03 8.262500000000000400e-01
8.370000000000000000e+03 8.249999999999999556e-01
8.380000000000000000e+03 8.246153846153849720e-01
8.390000000000000000e+03 8.242307692307689893e-01
8.400000000000000000e+03 8.238461538461540057e-01
8.410000000000000000e+03 8.234615384615380229e-01
8.420000000000000000e+03 8.230769230769230393e-01
8.430000000000000000e+03 8.226923076923079448e-01
8.440000000000000000e+03 8.223076923076919620e-01
8.450000000000000000e+03 8.219230769230769784e-01
8.460000000000000000e+03 8.215384615384609956e-01
8.470000000000000000e+03 8.211538461538460121e-01
8.480000000000000000e+03 8.207692307692310285e-01
8.490000000000000000e+03 8.203846153846150457e-01
8.500000000000000000e+03 8.199999999999999512e-01
8.510000000000000000e+03 8.108333333333329618e-01
8.520000000000000000e+03 8.016666666666669716e-01
8.530000000000000000e+03 7.924999999999999822e-01
8.540000000000000000e+03 7.833333333333329929e-01
8.550000000000000000e+03 7.741666666666670027e-01
8.560000000000000000e+03 7.650000000000000133e-01
8.570000000000000000e+03 7.558333333333330240e-01
8.580000000000000000e+03 7.466666666666670338e-01
8.590000000000000000e+03 7.375000000000000444e-01
8.600000000000000000e+03 7.283333333333330550e-01
8.610000000000000000e+03 7.191666666666669538e-01
8.620000000000000000e+03 7.099999999999999645e-01
8.630000000000000000e+03 6.707692307692310063e-01
8.640000000000000000e+03 6.315384615384610489e-01
8.650000000000000000e+03 5.923076923076919797e-01
8.660000000000000000e+03 5.530769230769230216e-01
8.670000000000000000e+03 5.138461538461539524e-01
8.680000000000000000e+03 4.746153846153849942e-01
8.690000000000000000e+03 4.353846153846149813e-01
8.700000000000000000e+03 3.961538461538460232e-01
8.710000000000000000e+03 3.569230769230770095e-01
8.720000000000000000e+03 3.176923076923079958e-01
8.730000000000000000e+03 2.784615384615379829e-01
8.740000000000000000e+03 2.392307692307689970e-01
8.750000000000000000e+03 2.000000000000000111e-01
8.760000000000000000e+03 1.866666666666670082e-01
8.770000000000000000e+03 1.733333333333330062e-01
8.780000000000000000e+03 1.600000000000000033e-01
8.790000000000000000e+03 1.466666666666670005e-01
8.800000000000000000e+03 1.333333333333329984e-01
8.810000000000000000e+03 1.199999999999999956e-01
8.820000000000000000e+03 1.066666666666670066e-01
8.830000000000000000e+03 9.333333333333329596e-02
8.840000000000000000e+03 8.000000000000000167e-02
8.850000000000000000e+03 6.666666666666669350e-02
8.860000000000000000e+03 5.333333333333330206e-02
8.870000000000000000e+03 4.000000000000000083e-02
8.880000000000000000e+03 3.761538461538459915e-02
8.890000000000000000e+03 3.523076923076919748e-02
8.900000000000000000e+03 3.284615384615380274e-02
8.910000000000000000e+03 3.046153846153850167e-02
8.920000000000000000e+03 2.807692307692309999e-02
8.930000000000000000e+03 2.569230769230769831e-02
8.940000000000000000e+03 2.330769230769230010e-02
8.950000000000000000e+03 2.092307692307689843e-02
8.960000000000000000e+03 1.853846153846150022e-02
8.970000000000000000e+03 1.615384615384619915e-02
8.980000000000000000e+03 1.376923076923079921e-02
8.990000000000000000e+03 1.138461538461539926e-02
9.000000000000000000e+03 8.999999999999999320e-03
9.010000000000000000e+03 8.333333333333329748e-03
9.020000000000000000e+03 7.666666666666669717e-03
9.030000000000000000e+03 7.000000000000000146e-03
9.040000000000000000e+03 6.333333333333329707e-03
9.050000000000000000e+03 5.666666666666669676e-03
9.060000000000000000e+03 5.000000000000000104e-03
9.070000000000000000e+03 4.333333333333329665e-03
9.080000000000000000e+03 3.666666666666670068e-03
9.090000000000000000e+03 3.000000000000000062e-03
9.100000000000000000e+03 2.333333333333330057e-03
9.110000000000000000e+03 1.666666666666670026e-03
9.120000000000000000e+03 1.000000000000000021e-03
9.130000000000000000e+03 9.230769230769229460e-04
9.140000000000000000e+03 8.461538461538459796e-04
9.150000000000000000e+03 7.692307692307690133e-04
9.160000000000000000e+03 6.923076923076920469e-04
9.170000000000000000e+03 6.153846153846149721e-04
9.180000000000000000e+03 5.384615384615380057e-04
9.190000000000000000e+03 4.615384615384620151e-04
9.200000000000000000e+03 3.846153846153849945e-04
9.210000000000000000e+03 3.076923076923079739e-04
9.220000000000000000e+03 2.307692307692310076e-04
9.230000000000000000e+03 1.538461538461539870e-04
9.240000000000000000e+03 7.692307692307689862e-05
